Exited (1)
Connecting to VM Service at http://127.0.0.1:49706/NU_FoYLBHZk=/
UPDATES-----------------------------
solve: Clue(name=A1,length=2,value: R(A+P),
	identities=[A1[0]=D1[0],A1[1]=D2[0]],referrers=[D1,D2],
	values={10,11,12,13,14,15,16,17,18,20,21,22,24,25,26,27,28,30,32,33 and 37 more},
	digits=[{1..9},{1..9}]
solve: Clue(name=A4,length=2,value: D(U+E),
	identities=[A4[0]=D4[0],A4[1]=D5[0]],referrers=[D4,D5],
	values={10,11,12,13,14,15,16,17,18,20,21,22,24,25,26,27,28,30,32,33 and 37 more},
	digits=[{1..9},{1..9}]
solve: Clue(name=A7,length=3,value: PEEPE-R+S+((E-Y+E)/S),
	identities=[A7[0]=D2[1],A7[1]=D3[1]],referrers=[D2,D3],
	values={100,101,102,103,104,105,106,107,108,109,110,111,112,113,114,115,116,117,118,119,120,121,122,123,124,125,126,127,128,129,130,131,188,189,190,191,192,193,194,195,196,197,198,199,200,201,202,203,204,205,206,207,208,211,212,213,214,215,216,217,218,219,220,221,222,223,224,248,249,250,251,252,253,254,255,256,257,258,259,260,261,262,264,276,277,278,279,280,281,282,283,284,285,286,287,288,289,290,291,292,293,294,295,296,339,340,341,342,343,344,345,346,347,348,349,350,351,380,382,383,384,385,386,387,388,389,390,391,392,393,394,395,396,397,398,399,400,422,423,424,425,426,427,428,429,430,431,432,433,434,435,436,437,438,439,440,494,495,496,497,498,499,500,501,502,503,504,505,506,507,508,509,510,511,512,513,514,515,516,517,518,519,520,568,569,570,571,572,573,574,575,576,577,578,579,580,581,582,583,584,638,639,640,641,642,643,644,645,646,647,648,649,650,651,652,653,654,655,665,666,667,668,669,670,671,672,673,674,675,676,677,678,679,680,681,682,683,728,729,730,731,732,733,734,735,736,860,861,862,863,864,865,866,867,868,869,870,871,872,873,962,963,964,965,966,967,968,969,970,971,972,973,974,976 and 0 more},
	digits=[{1..9},{0..9},{0..9}]
solve: Clue(name=A8,length=2,value: PUPAS,
	identities=[A8[0]=D5[1],A8[1]=D6[1]],referrers=[D5,D6],
	values={24,30,36,40,42,48,54,56,60,64,70,72,80,84,90,96},
	digits=[{2..9},{0,2,4,6,8}]
solve: Clue(name=A9,length=3,value: (ST-R+A-Y)ED,
	identities=[A9[0]=D1[2],A9[1]=D2[2],A9[2]=D10[0]],referrers=[D1,D2,D10],
	values={100,102,104,105,106,108,110,111,112,114,115,116,117,118,119,120,122,123,124,125 and 371 more},
	digits=[{1..9},{0..9},{1..9}]
solve: Clue(name=A11,length=2,value: ASP,
	identities=[A11[0]=D5[2],A11[1]=D6[2]],referrers=[D5,D6],
	values={10,12,14,15,16,18,20,21,24,27,28,30,32,35,36,40,42,45,48,54 and 10 more},
	digits=[{1..9},{0..8}]
solve: Clue(name=A12,length=2,value: PUPPY,
	identities=[A12[0]=D12[0],A12[1]=D13[0]],referrers=[D12,D13],
	values={10,12,14,15,16,18,20,21,24,27,28,30,32,35,36,40,42,45,48,54 and 5 more},
	digits=[{1,2,3,4,5,6,7,9},{1..8}]
solve: Clue(name=A14,length=3,value: SY(RU+P+S),
	identities=[A14[0]=D4[3],A14[1]=D15[0],A14[2]=D16[0]],referrers=[D4,D15,D16],
	values={100,102,104,105,106,108,110,111,112,114,116,117,118,120,122,123,125,126,128,129 and 321 more},
	digits=[{1..9},{1..9},{1..9}]
solve: Clue(name=A17,length=2,value: YE+S,
	identities=[A17[0]=D12[1],A17[1]=D13[1]],referrers=[D12,D13],
	values={10,11,12,13,14,15,16,17,18,19,20,21,22,23,24,25,26,27,28,29,30,31,32,33,34,35,36,37,38,39,41,42,43,44,45,46,47,48,49,50,51,52,53,55,56,57,58,59,60,61,62,64,65,66,67,68,69,71,73,74,75,76,77,78,79 and 0 more},
	digits=[{1..7},{0..9}]
solve: Clue(name=A18,length=3,value: S(USSE+D),
	identities=[A18[0]=D10[2],A18[1]=D19[0],A18[2]=D15[1]],referrers=[D10,D19,D15],
	values={106,108,110,112,114,122,123,126,128,129,132,134,135,136,138,140,141,146,147,148 and 273 more},
	digits=[{1..9},{1..9},{0..9}]
solve: Clue(name=A20,length=2,value: TE+(D/D)Y,
	identities=[A20[0]=D13[2],A20[1]=D10[3]],referrers=[D13,D10],
	values={10,11,12,13,14,15,16,17,18,19,20,21,22,23,24,25,26,27,28,29,30,31,32,33,34,35,36,37,38,39,41,42,43,44,45,46,47,48,49,50,51,52,53,55,56,57,58,59,60,61,62,64,65,66,67,68,69,71,73,74,75,76,77,78,79 and 0 more},
	digits=[{1..7},{0..9}]
solve: Clue(name=A21,length=2,value: (PEPP/E+R)E+D,
	identities=[A21[0]=D15[2],A21[1]=D16[2]],referrers=[D15,D16],
	values={12,13,14,15,16,17,18,19,20,21,22,23,24,25,26,27,28,29,30,31,32,33,34,35,36,37,38,39,40,41,42,43,44,45,46,47,48,49,50,51,52,53,54,55,56,57,58,59,60,61,62,63,64,65,66,67,68,69,70,71,72,73,74,75,76,77,78,79,80,81,82,83,84,85,86,87,88,89,90,91,92,93,94,95,97,98,99 and 0 more},
	digits=[{1..9},{0..9}]
solve: Clue(name=D1,length=3,value: Y(E+(A+S)T-S),
	identities=[D1[0]=A1[0],D1[2]=A9[0]],referrers=[A1,A9],
	values={100,101,102,103,104,105,106,107,108,109,110,111,112,113,114,115,116,117,118,119,120,121,122,123,124,125,126,127,128,129,130,131,132,133,134,135,136,138,140,141,142,144,145,146,147,148,150,152,153,154,155,156,158,159,160,161,162,164,165,166,168,170,171,172,174,175,176,177,178,180,182,183,184,185,186,188,189,190,192,194,195,196,198,200,201,202,203,204,205,206,207,208,210,212,213,214,215,216,217,218,219,220,222,224,225,226,228,230,231,232,234,235,236,237,238,240,242,243,244,245,246,248,249,250,252,254,255,256,258,259,260,261,262,264,265,266,267,268,270,272,273,275,276,279,280,282,284,285,287,288,290,291,292,294,295,296,297,300,301,303,304,305,306,308,309,310,312,315,316,318,320,321,322,324,325,327,328,329,330,332,333,335,336,339,340,342,343,344,345,348,350,351,352,354,355,356,357,360,363,364,365,366,368,369,370,371,372,375,376,378,380,381,384,385,387,388,390,392,395,396,399,400,402,404,405,406,408,410,412,413,414,415,416,420,423,424,425,426,427,428,430,432,434,435,436,438,440,441,444,445,448,450,452,455,456,459,460,462,464,465,468,469,470,472,474,475,476,477,480,483,484,485,486,488,490,492,495,496,497,498,500,504,505,508,510,511,512,513,515,516,518,520,522,524,525,528,530,531,532,534,535,536,539,540,544,546,549,550,552,553,555,558,560,564,565,567,568,570,574,575,576,580,581,582,584,585,588,590,592,594,595,600,602,603,605,606,608,609,610,612,615,616,618,620,621,623,624,625,630,632,635,636,637,639,640,642,644,648,650,651,654,655,656,657,658,660,664,665,666,670,672,675,679,680,684,686,688,690,693,696,700,702,704,707,711,712,714,720,721,728,729,735,736,738,742,744,747,749,750,752,756,760,763,765,768,770,774,776,777,780,783,784,786,791,792,798,800,801,805,808,810,812,816,819,824,826,828,832,833,837,840,846,848,854,855,856,861,864,868,872,873,875,891,896,900,904,909,912,918,920,927,928 and 0 more},
	digits=[{1..9},{0..9},{1..9}]
solve: Clue(name=D2,length=3,value: SEES-(P+E+A+R)S,
	identities=[D2[0]=A1[1],D2[1]=A7[0],D2[2]=A9[1]],referrers=[A1,A7,A9],
	values={100,102,104,105,106,108,110,112,114,115,116,119,120,125,126,130,135,140,142,145 and 213 more},
	digits=[{1..9},{1..9},{0..9}]
solve: Clue(name=D3,length=2,value: PRY,
	identities=[D3[1]=A7[1]],referrers=[A7],
	values={10,12,14,15,16,18,20,21,24,27,28,30,32,35,36,40,42,45,48,54 and 10 more},
	digits=[{1..9},{0..8}]
solve: Clue(name=D4,length=4,value: YAYA+D+A+D-A+S,
	identities=[D4[0]=A4[0],D4[3]=A14[0]],referrers=[A4,A14],
	values={1028,1029,1031,1032,1033,1034,1035,1036,1037,1038,1039,1040,1041,1043,1044,1045,1047,1048,1049,1229 and 187 more},
	digits=[{1,2,3,5},{0,1,2,3,6,7,9},{0..9},{1..9}]
solve: Clue(name=D5,length=3,value: PR+Y+EYE,
	identities=[D5[0]=A4[1],D5[1]=A8[0],D5[2]=A11[0]],referrers=[A4,A8,A11],
	values={100,101,102,103,104,105,106,107,108,109,110,111,112,113,116,117,118,120,121,122 and 268 more},
	digits=[{1..6},{2..9},{1..9}]
solve: Clue(name=D6,length=3,value: DAYS-(T+A)U,
	identities=[D6[1]=A8[1],D6[2]=A11[1]],referrers=[A8,A11],
	values={100,101,102,103,104,105,106,107,108,109,110,111,112,113,114,115,116,117,118,119,120,121,122,123,124,125,126,127,128,129,130,131,132,133,134,135,136,137,138,139,140,141,142,143,144,145,146,147,148,149,150,151,152,153,154,155,156,157,158,159,160,161,162,163,164,165,166,167,168,169,170,171,172,173,174,175,176,177,178,179,180,181,182,183,184,185,186,187,188,189,190,191,192,193,194,195,196,197,198,199,200,201,202,203,204,205,206,207,208,210,211,212,213,214,216,217,218,219,220,221,222,223,224,225,226,227,228,229,230,231,232,233,234,235,236,237,238,239,240,241,242,243,244,246,247,248,249,250,251,252,253,254,255,256,257,258,259,260,261,262,263,264,265,266,267,268,269,270,271,272,273,274,275,276,277,278,279,280,281,282,283,284,285,286,287,288,289,290,291,292,293,294,295,296,297,298,299,300,301,302,303,304,305,306,307,308,309,310,311,312,313,314,315,316,318,319,320,321,322,323,324,325,326,327,328,329,330,331,332,333,334,335,336,338,339,340,341,342,343,344,345,346,347,348,349,350,351,352,353,354,355,356,357,358,359,360,361,362,363,364,365,366,367,368,369,370,371,372,373,375,376,377,378,380,381,382,383,384,385,387,388,389,390,392,393,394,396,397,398,399,400,402,403,404,405,406,407,408,409,410,411,412,413,414,415,416,417,418,419,420,421,423,424,425,426,428,429,431,432,433,434,435,436,437,438,439,440,441,442,443,444,445,446,448,449,450,452,453,454,456,457,458,459,460,461,462,463,464,465,466,467,468,469,470,471,472,473,474,476,477,478,479,480,482,484,485,486,487,488,489,490,491,492,493,494,495,496,497,498,499,500,501,502,504,505,506,508,509,510,511,512,513,514,516,518,519,520,521,522,523,524,525,526,527,528,529,530,531,532,533,534,536,537,540,541,542,543,544,546,547,548,549,550,551,552,554,555,558,559,560,561,562,563,564,565,566,567,568,569,570,571,573,574,576,578,579,582,583,584,585,586,587,588,590,591,592,593,594,597,598,599,600,601,602,603,604,606,607,608,609,610,612,613,614,615,616,617,618,619,620,621,622,623,624,626,627,628,629,630,631,632,633,634,635,636,637,638,639,640,642,643,644,645,646,647,648,650,651,652,654,655,656,657,658,659,660,661,662,663,664,666,668,671,672,675,676,678,680,681,682,684,686,687,688,690,691,692,693,694,696,700,701,702,703,704,705,706,707,708,709,710,711,712,713,714,716,717,719,720,721,722,723,724,726,728,730,731,732,733,735,736,738,739,740,741,742,743,744,745,746,747,750,754,756,758,759,760,761,762,766,768,770,772,773,774,776,777,778,780,782,784,786,787,788,789,790,792,793,794,795,796,797,798,799,800,801,802,803,804,806,808,809,810,812,813,814,815,816,818,819,820,822,823,824,825,826,827,828,829,830,831,832,833,834,836,837,838,839,841,842,843,844,846,848,849,850,851,852,853,854,855,857,858,861,862,865,867,869,870,873,877,879,881,883,885,888,889,890,891,893,897,900,901,903,904,905,906,909,911,913,915,917,918,919,921,923,924,925,926,927,928,929,930,932,933,934,936,938,939,940,942,943,944,945,946,947,948,949,950,951,952,953,954,956,958,960,961,963,964,966,968,969,972,973,974,975,976,978,980,981,982,984,986,988,989,990,991,992,993,994,995,996,997,998,999 and 0 more},
	digits=[{1..9},{0,2,4,6,8},{0..8}]
solve: Clue(name=D10,length=4,value: YESTE-R(D+A-Y)-S,
	identities=[D10[0]=A9[2],D10[2]=A18[0],D10[3]=A20[1]],referrers=[A9,A18,A20],
	values={1000,1001,1002,1003,1004,1005,1006,1007,1008,1009,1010,1011,1012,1013,1014,1015,1016,1017,1018,1019,1020,1021,1022,1023,1024,1025,1026,1027,1028,1029,1030,1031,1032,1033,1034,1035,1036,1037,1038,1039,1040,1041,1042,1043,1044,1045,1046,1047,1048,1049,1050,1051,1052,1053,1054,1055,1056,1057,1058,1059,1060,1061,1062,1063,1064,1065,1066,1067,1068,1069,1070,1071,1072,1073,1075,1076,1077,1078,1079,1081,1082,1083,1084,1085,1086,1088,1089,1090,1091,1092,1093,1094,1095,1096,1097,1098,1099,1100,1101,1102,1103,1104,1105,1106,1107,1108,1109,1110,1111,1112,1113,1114,1115,1116,1117,1118,1119,1120,1121,1122,1123,1124,1125,1126,1127,1128,1129,1130,1131,1132,1133,1134,1135,1136,1137,1138,1139,1140,1141,1142,1143,1144,1145,1146,1147,1148,1149,1150,1151,1152,1153,1154,1155,1156,1157,1158,1159,1160,1161,1162,1163,1164,1165,1166,1167,1168,1169,1170,1171,1172,1173,1175,1176,1177,1178,1179,1180,1181,1182,1183,1184,1185,1186,1187,1188,1189,1190,1191,1192,1193,1194,1195,1196,1197,1198,1199,1200,1201,1202,1203,1204,1205,1206,1207,1208,1210,1211,1212,1213,1215,1216,1217,1218,1219,1220,1221,1223,1224,1225,1226,1227,1228,1229,1230,1231,1232,1233,1234,1235,1236,1237,1238,1239,1240,1241,1242,1243,1244,1245,1246,1247,1248,1249,1250,1251,1252,1253,1254,1255,1256,1257,1258,1259,1260,1261,1262,1263,1264,1265,1266,1267,1268,1269,1270,1271,1272,1273,1274,1275,1276,1277,1278,1279,1280,1281,1282,1283,1284,1285,1286,1287,1288,1289,1290,1291,1292,1293,1294,1295,1296,1297,1298,1299,1300,1301,1302,1303,1304,1305,1306,1307,1308,1309,1310,1311,1312,1313,1314,1315,1316,1317,1318,1319,1320,1321,1322,1323,1324,1325,1326,1327,1328,1329,1330,1331,1332,1333,1334,1335,1336,1337,1338,1339,1340,1341,1342,1343,1344,1345,1346,1347,1348,1349,1350,1351,1352,1353,1354,1355,1356,1357,1358,1359,1360,1361,1362,1363,1364,1365,1366,1368,1369,1370,1371,1372,1374,1375,1376,1377,1378,1379,1380,1381,1382,1383,1384,1385,1386,1387,1388,1389,1390,1391,1392,1393,1394,1395,1396,1397,1398,1399,1400,1401,1402,1403,1404,1405,1406,1407,1408,1409,1410,1411,1412,1413,1414,1415,1416,1417,1418,1419,1420,1421,1422,1423,1424,1425,1426,1427,1428,1429,1430,1431,1432,1433,1434,1435,1436,1437,1438,1439,1440,1441,1442,1443,1444,1445,1446,1447,1448,1449,1450,1451,1452,1453,1454,1455,1456,1457,1458,1459,1460,1461,1462,1463,1464,1465,1467,1468,1469,1470,1471,1472,1473,1474,1475,1476,1478,1479,1480,1481,1482,1483,1484,1485,1486,1487,1488,1489,1490,1491,1492,1493,1494,1495,1496,1497,1498,1499,1500,1501,1502,1503,1504,1505,1506,1507,1508,1509,1510,1512,1513,1514,1515,1516,1517,1518,1519,1520,1521,1522,1523,1524,1525,1526,1527,1528,1529,1530,1532,1534,1536,1537,1540,1542,1543,1544,1545,1546,1547,1548,1549,1550,1551,1552,1553,1555,1556,1558,1559,1560,1562,1563,1564,1565,1566,1567,1568,1570,1571,1572,1573,1574,1575,1576,1577,1578,1579,1580,1581,1582,1583,1584,1585,1586,1587,1588,1589,1590,1591,1592,1593,1594,1595,1596,1597,1598,1599,1600,1601,1602,1603,1604,1605,1606,1607,1608,1609,1610,1611,1612,1613,1614,1615,1616,1617,1618,1619,1620,1621,1622,1623,1624,1625,1628,1629,1630,1631,1632,1633,1636,1637,1639,1641,1643,1645,1646,1647,1648,1649,1650,1651,1652,1653,1655,1657,1659,1661,1662,1663,1664,1665,1666,1667,1668,1669,1670,1671,1672,1673,1674,1675,1676,1677,1678,1680,1681,1682,1683,1684,1685,1686,1687,1688,1689,1690,1691,1692,1693,1694,1695,1696,1697,1698,1699,1700,1701,1702,1703,1704,1705,1706,1707,1708,1709,1710,1711,1712,1713,1714,1715,1716,1717,1718,1719,1720,1721,1722,1723,1724,1725,1726,1727,1728,1729,1730,1731,1732,1733,1734,1735,1736,1737,1738,1739,1740,1741,1742,1743,1744,1745,1746,1747,1748,1749,1750,1751,1752,1753,1754,1755,1756,1757,1758,1759,1760,1761,1762,1763,1764,1765,1766,1767,1768,1769,1770,1771,1772,1773,1774,1775,1776,1777,1778,1779,1780,1781,1782,1783,1784,1785,1786,1787,1788,1789,1790,1791,1792,1793,1794,1795,1796,1797,1798,1799,1801,1802,1803,1804,1806,1808,1810,1812,1814,1819,1820,1821,1827,1829,1831,1835,1836,1837,1838,1839,1840,1841,1843,1844,1845,1846,1847,1848,1849,1851,1852,1853,1856,1857,1858,1859,1860,1861,1862,1863,1864,1865,1866,1867,1868,1869,1870,1871,1872,1873,1874,1875,1876,1877,1878,1879,1880,1881,1882,1883,1884,1885,1886,1887,1888,1889,1890,1891,1892,1893,1894,1895,1896,1897,1898,1899,1900,1901,1902,1903,1904,1905,1906,1907,1908,1909,1910,1911,1912,1913,1914,1915,1916,1917,1918,1919,1920,1921,1922,1923,1924,1925,1926,1927,1928,1929,1930,1931,1932,1933,1934,1935,1936,1937,1938,1939,1940,1941,1942,1943,1944,1945,1946,1947,1948,1949,1950,1951,1952,1953,1954,1955,1956,1957,1958,1959,1960,1961,1962,1963,1964,1965,1966,1967,1969,1970,1972,1973,1974,1975,1976,1977,1978,1979,1981,1982,1983,1984,1985,1986,1987,1988,1989,1990,1991,1992,1993,1994,1995,1996,1997,1998,1999,2000,2001,2002,2003,2004,2005,2006,2007,2008,2009,2010,2011,2012,2013,2014,2015,2016,2017,2018,2019,2020,2021,2022,2023,2024,2025,2027,2030,2032,2033,2034,2036,2037,2038,2039,2041,2042,2043,2044,2045,2046,2048,2049,2050,2051,2052,2053,2054,2055,2056,2057,2058,2059,2060,2061,2062,2063,2064,2065,2066,2067,2068,2069,2070,2071,2072,2073,2074,2075,2076,2077,2078,2079,2080,2081,2082,2083,2084,2085,2086,2087,2088,2089,2090,2091,2092,2093,2094,2095,2096,2097,2098,2099,2100,2101,2102,2103,2104,2106,2107,2108,2109,2110,2111,2112,2113,2114,2115,2116,2117,2118,2119,2120,2121,2122,2123,2124,2125,2127,2128,2129,2130,2131,2132,2133,2134,2135,2136,2137,2138,2139,2140,2141,2142,2143,2144,2145,2146,2147,2148,2149,2150,2151,2152,2153,2154,2155,2156,2157,2158,2159,2160,2161,2162,2163,2164,2165,2168,2169,2171,2172,2173,2175,2176,2180,2181,2182,2185,2188,2190,2191,2192,2193,2194,2196,2197,2198,2199,2200,2203,2204,2205,2206,2207,2208,2209,2211,2212,2213,2215,2216,2217,2218,2219,2221,2223,2224,2225,2226,2227,2228,2229,2230,2231,2232,2234,2235,2236,2237,2238,2239,2240,2241,2242,2243,2244,2245,2246,2247,2248,2249,2250,2251,2252,2253,2254,2255,2256,2257,2258,2259,2260,2261,2262,2263,2264,2265,2266,2267,2268,2269,2270,2271,2272,2273,2274,2275,2276,2277,2278,2279,2280,2281,2282,2283,2284,2285,2286,2287,2288,2289,2290,2291,2292,2293,2294,2295,2296,2297,2298,2299,2300,2301,2302,2303,2305,2306,2307,2308,2309,2310,2311,2312,2313,2314,2315,2316,2317,2318,2319,2320,2321,2322,2323,2324,2325,2326,2327,2328,2329,2330,2331,2332,2333,2334,2335,2336,2337,2338,2339,2340,2341,2342,2343,2344,2345,2346,2347,2348,2349,2350,2351,2352,2353,2354,2355,2356,2357,2358,2359,2361,2362,2363,2364,2365,2366,2367,2368,2369,2370,2371,2373,2374,2375,2376,2377,2378,2379,2380,2381,2382,2383,2384,2385,2386,2387,2388,2389,2390,2391,2392,2393,2394,2395,2396,2397,2398,2399,2400,2401,2403,2404,2405,2406,2407,2408,2409,2410,2411,2412,2413,2414,2415,2416,2417,2418,2419,2420,2421,2422,2423,2424,2425,2426,2427,2428,2429,2432,2433,2445,2446,2448,2449,2450,2452,2453,2454,2455,2456,2457,2459,2462,2464,2465,2467,2468,2470,2473,2474,2475,2477,2478,2479,2481,2482,2483,2484,2485,2486,2487,2488,2489,2490,2491,2492,2493,2494,2495,2497,2498,2499,2500,2501,2502,2503,2504,2505,2506,2507,2508,2509,2510,2511,2512,2513,2514,2515,2516,2517,2518,2519,2520,2521,2522,2523,2524,2525,2526,2527,2528,2529,2530,2531,2532,2533,2534,2535,2536,2537,2538,2540,2541,2542,2543,2544,2545,2546,2547,2548,2549,2550,2551,2552,2553,2554,2555,2556,2557,2558,2559,2560,2561,2562,2563,2564,2565,2566,2567,2568,2569,2570,2571,2572,2573,2574,2575,2576,2577,2578,2579,2580,2581,2582,2583,2584,2585,2586,2587,2588,2589,2590,2591,2592,2593,2594,2595,2596,2597,2598,2599,2600,2602,2603,2605,2606,2607,2609,2610,2611,2612,2613,2614,2618,2619,2620,2623,2624,2625,2626,2627,2628,2629,2630,2631,2632,2634,2635,2636,2637,2638,2639,2640,2641,2642,2643,2644,2645,2646,2648,2649,2650,2651,2652,2653,2654,2655,2656,2657,2658,2659,2660,2661,2662,2663,2664,2665,2666,2667,2668,2669,2670,2671,2672,2673,2674,2675,2676,2677,2678,2679,2680,2681,2682,2683,2684,2685,2686,2687,2688,2689,2690,2691,2692,2693,2694,2695,2696,2697,2698,2699,2700,2701,2702,2703,2704,2705,2706,2708,2710,2711,2712,2713,2714,2722,2726,2730,2762,2763,2765,2766,2768,2769,2770,2771,2772,2774,2775,2777,2778,2780,2781,2782,2783,2784,2785,2786,2787,2788,2789,2790,2791,2792,2793,2794,2795,2796,2797,2798,2799,2800,2801,2802,2804,2806,2807,2808,2809,2810,2811,2812,2813,2814,2815,2816,2818,2819,2820,2821,2822,2823,2824,2825,2826,2827,2828,2829,2830,2831,2832,2833,2834,2836,2838,2840,2842,2843,2844,2845,2846,2847,2848,2849,2850,2851,2852,2854,2855,2856,2857,2858,2859,2860,2861,2862,2863,2864,2865,2866,2867,2868,2869,2870,2871,2872,2873,2874,2875,2876,2877,2878,2879,2880,2881,2882,2883,2884,2885,2886,2887,2888,2889,2890,2891,2892,2893,2894,2895,2896,2897,2898,2899,2900,2901,2902,2903,2904,2905,2906,2907,2908,2909,2910,2911,2912,2913,2914,2915,2916,2917,2918,2919,2920,2921,2922,2923,2924,2925,2926,2927,2928,2929,2930,2931,2932,2933,2934,2936,2937,2938,2940,2941,2943,2944,2946,2947,2952,2956,2961,2963,2964,2965,2966,2967,2969,2970,2971,2972,2973,2976,2982,2985,2986,2987,2988,2989,2990,2991,2992,2993,2994,2995,2996,2997,2998,2999,3000,3001,3002,3003,3004,3005,3006,3007,3008,3009,3010,3011,3012,3013,3014,3015,3016,3017,3018,3019,3020,3021,3022,3023,3024,3025,3026,3027,3028,3029,3030,3031,3032,3033,3034,3035,3036,3037,3038,3039,3040,3041,3042,3044,3045,3046,3048,3050,3052,3054,3056,3058,3060,3062,3064,3066,3068,3070,3071,3074,3079,3086,3087,3089,3091,3093,3094,3096,3097,3098,3099,3101,3102,3103,3104,3105,3107,3108,3109,3110,3111,3112,3113,3114,3115,3116,3117,3118,3119,3120,3121,3122,3123,3124,3125,3126,3127,3128,3129,3130,3131,3132,3133,3134,3135,3136,3137,3138,3139,3140,3141,3142,3143,3144,3145,3146,3147,3148,3149,3150,3151,3152,3153,3154,3155,3156,3159,3160,3162,3163,3164,3165,3166,3167,3168,3169,3172,3173,3174,3175,3176,3178,3180,3186,3187,3189,3190,3193,3194,3195,3196,3198,3199,3200,3202,3203,3204,3205,3206,3208,3209,3210,3211,3212,3214,3215,3217,3218,3219,3220,3221,3222,3223,3224,3225,3226,3227,3228,3229,3230,3231,3232,3233,3234,3235,3236,3237,3238,3239,3240,3241,3242,3243,3246,3247,3249,3250,3251,3252,3253,3254,3256,3259,3263,3266,3267,3270,3297,3298,3299,3300,3305,3306,3307,3308,3309,3310,3313,3314,3315,3317,3318,3319,3320,3321,3322,3323,3324,3325,3326,3327,3328,3329,3330,3331,3333,3334,3335,3336,3337,3338,3339,3340,3341,3342,3343,3344,3345,3346,3347,3348,3349,3350,3351,3352,3363,3364,3365,3367,3368,3369,3370,3371,3372,3374,3375,3376,3377,3378,3379,3380,3381,3383,3384,3385,3386,3387,3388,3389,3390,3391,3392,3393,3394,3395,3396,3397,3398,3399,3400,3401,3402,3403,3404,3405,3406,3407,3408,3409,3410,3411,3412,3413,3415,3416,3417,3418,3419,3420,3423,3426,3427,3428,3429,3431,3432,3433,3434,3435,3436,3437,3438,3439,3440,3441,3442,3443,3444,3445,3446,3447,3448,3449,3450,3451,3452,3453,3454,3455,3456,3457,3458,3459,3460,3461,3462,3463,3464,3465,3466,3467,3468,3469,3470,3471,3472,3473,3474,3475,3476,3477,3478,3480,3481,3482,3484,3485,3486,3487,3488,3489,3490,3491,3492,3493,3494,3495,3496,3497,3498,3499,3500,3501,3502,3503,3504,3505,3506,3507,3508,3509,3510,3511,3512,3513,3514,3515,3516,3517,3518,3519,3520,3521,3522,3523,3524,3525,3526,3527,3529,3530,3532,3533,3534,3535,3536,3537,3538,3540,3541,3542,3544,3546,3547,3548,3549,3550,3552,3553,3555,3556,3557,3558,3559,3561,3562,3564,3565,3566,3567,3568,3569,3570,3571,3572,3573,3574,3575,3576,3577,3578,3579,3580,3581,3582,3583,3584,3585,3586,3587,3588,3589,3590,3591,3592,3593,3594,3595,3596,3597,3598,3599,3600,3601,3602,3603,3604,3605,3606,3607,3608,3610,3611,3612,3615,3616,3618,3619,3621,3622,3624,3626,3709,3710,3713,3714,3725,3727,3728,3729,3730,3732,3733,3735,3737,3741,3743,3745,3748,3749,3750,3751,3753,3754,3755,3756,3757,3758,3759,3760,3761,3763,3764,3765,3766,3767,3768,3769,3770,3771,3772,3773,3774,3776,3777,3778,3779,3780,3781,3782,3783,3784,3785,3786,3788,3789,3790,3791,3792,3793,3794,3795,3796,3798,3799,3800,3801,3802,3803,3805,3806,3807,3808,3809,3810,3811,3812,3813,3814,3815,3816,3817,3818,3819,3820,3821,3822,3823,3824,3825,3826,3827,3828,3829,3830,3831,3832,3833,3834,3835,3836,3837,3838,3839,3841,3842,3843,3844,3845,3847,3849,3850,3851,3852,3853,3854,3855,3856,3857,3858,3859,3860,3861,3862,3863,3864,3865,3866,3867,3868,3869,3870,3871,3872,3873,3874,3875,3876,3877,3878,3879,3880,3881,3882,3883,3884,3885,3886,3887,3888,3889,3890,3891,3892,3893,3894,3896,3897,3898,3899,3900,3901,3902,3903,3904,3905,3906,3907,3908,3909,3910,3911,3912,3913,3914,3916,3917,3918,3919,3921,3922,3924,3927,3933,3936,3942,3945,4000,4001,4002,4005,4006,4007,4009,4010,4011,4012,4014,4015,4016,4017,4018,4019,4020,4021,4022,4023,4024,4025,4026,4027,4028,4029,4030,4031,4032,4033,4034,4035,4036,4037,4038,4039,4040,4041,4042,4043,4044,4045,4046,4047,4048,4049,4050,4051,4052,4054,4055,4057,4065,4068,4071,4072,4075,4076,4079,4129,4130,4131,4137,4138,4139,4140,4145,4146,4148,4149,4151,4153,4154,4155,4156,4157,4158,4160,4161,4162,4163,4164,4165,4166,4167,4168,4169,4170,4171,4172,4173,4174,4175,4176,4177,4178,4179,4180,4181,4182,4183,4184,4185,4186,4187,4188,4189,4190,4191,4192,4193,4194,4195,4196,4197,4198,4199,4201,4202,4203,4205,4206,4209,4211,4215,4220,4224,4261,4263,4272,4273,4274,4275,4279,4280,4281,4282,4283,4284,4285,4286,4287,4288,4290,4291,4293,4294,4295,4296,4297,4299,4300,4301,4302,4303,4304,4305,4306,4307,4308,4309,4310,4311,4312,4313,4314,4315,4316,4317,4318,4319,4321,4322,4323,4329,4331,4333,4335,4336,4338,4340,4341,4342,4343,4344,4349,4351,4353,4356,4359,4361,4362,4363,4364,4365,4366,4367,4368,4369,4371,4372,4373,4375,4376,4378,4380,4381,4383,4384,4385,4387,4388,4389,4390,4391,4392,4393,4394,4395,4396,4397,4398,4399,4400,4401,4402,4403,4404,4405,4406,4407,4408,4409,4410,4411,4413,4414,4415,4416,4417,4420,4421,4424,4425,4428,4429,4430,4431,4432,4433,4436,4437,4438,4439,4440,4442,4443,4445,4446,4448,4449,4450,4451,4452,4453,4454,4455,4457,4458,4459,4460,4461,4462,4463,4464,4465,4466,4467,4468,4469,4470,4471,4472,4473,4474,4475,4476,4477,4478,4479,4480,4481,4482,4484,4487,4489,4490,4492,4493,4494,4496,4497,4498,4499,4500,4502,4504,4505,4507,4508,4509,4510,4511,4512,4513,4514,4516,4517,4518,4519,4520,4521,4522,4523,4524,4525,4526,4527,4528,4529,4530,4531,4532,4533,4534,4535,4536,4537,4538,4539,4540,4541,4542,4543,4544,4545,4546,4547,4548,4549,4550,4551,4553,4554,4555,4556,4557,4558,4560,4561,4563,4566,4567,4569,4570,4571,4572,4575,4576,4577,4578,4579,4580,4581,4582,4584,4585,4586,4587,4588,4589,4590,4591,4592,4593,4594,4595,4596,4597,4598,4599,4600,4601,4602,4603,4604,4605,4606,4607,4609,4610,4611,4612,4613,4614,4615,4616,4618,4620,4622,4624,4625,4627,4638,4641,4646,4659,4664,4665,4666,4667,4670,4671,4672,4673,4674,4675,4677,4678,4679,4680,4681,4682,4683,4684,4685,4686,4687,4688,4689,4690,4691,4692,4693,4694,4695,4696,4697,4698,4699,4700,4701,4702,4703,4704,4705,4706,4707,4708,4709,4710,4711,4712,4713,4714,4715,4716,4717,4718,4719,4720,4721,4722,4723,4725,4726,4728,4729,4730,4734,4736,4738,4740,4742,4745,4746,4749,4750,4752,4754,4758,4760,4761,4766,4768,4769,4770,4772,4773,4775,4776,4778,4779,4780,4781,4782,4783,4784,4785,4786,4787,4788,4789,4790,4791,4792,4793,4794,4795,4796,4797,4805,4806,4808,4809,4810,4812,4813,4814,4815,4816,4817,4818,4819,4820,4821,4822,4823,4824,4825,4826,4827,4828,4829,4830,4831,4832,4833,4834,4835,4836,4837,4838,4839,4840,4841,4842,4843,4844,4845,4846,4847,4848,4849,4850,4851,4852,4853,4854,4855,4856,4857,4858,4859,4860,4861,4862,4863,4865,4866,4876,4878,4879,4881,4883,4885,4887,4889,4969,4970,4971,4972,4977,4979,4980,4981,4982,4985,4987,4988,4990,4991,4993,4994,4995,4996,4997,4999,5000,5001,5003,5004,5005,5006,5007,5008,5009,5011,5012,5014,5015,5016,5017,5018,5019,5020,5021,5022,5023,5024,5025,5026,5027,5028,5029,5030,5031,5032,5033,5034,5035,5036,5037,5038,5039,5041,5043,5049,5051,5133,5134,5137,5146,5147,5152,5154,5155,5156,5157,5158,5159,5161,5162,5165,5166,5167,5168,5170,5171,5172,5173,5174,5175,5176,5177,5178,5179,5180,5181,5182,5183,5184,5185,5186,5187,5188,5189,5190,5191,5192,5194,5196,5197,5202,5203,5210,5233,5235,5239,5253,5257,5259,5260,5262,5263,5264,5265,5266,5269,5270,5271,5272,5273,5274,5275,5276,5277,5278,5279,5280,5281,5282,5283,5284,5285,5286,5287,5288,5289,5290,5291,5292,5293,5294,5295,5296,5297,5298,5299,5300,5301,5302,5304,5305,5306,5307,5309,5310,5312,5313,5314,5318,5322,5327,5330,5331,5332,5333,5334,5336,5337,5338,5339,5340,5342,5343,5344,5345,5346,5347,5348,5349,5350,5351,5352,5353,5354,5355,5356,5357,5358,5359,5360,5361,5362,5363,5364,5365,5366,5367,5368,5369,5370,5371,5372,5373,5374,5375,5376,5377,5378,5379,5380,5381,5382,5383,5384,5385,5386,5387,5388,5389,5390,5391,5392,5393,5394,5395,5396,5397,5398,5399,5400,5401,5402,5403,5404,5405,5409,5411,5415,5418,5421,5425,5545,5548,5551,5557,5560,5566,5569,5571,5572,5575,5577,5578,5579,5580,5581,5582,5583,5584,5585,5586,5587,5588,5589,5590,5591,5592,5593,5594,5595,5596,5598,5599,5602,5605,5621,5623,5626,5627,5628,5631,5632,5635,5636,5637,5638,5639,5640,5641,5642,5644,5647,5648,5649,5650,5651,5652,5653,5654,5655,5656,5657,5658,5659,5660,5661,5662,5663,5664,5665,5666,5668,5671,5674,5677,5680,5681,5684,5698,5699,5700,5701,5703,5706,5707,5708,5710,5711,5712,5713,5714,5715,5717,5718,5719,5720,5721,5722,5723,5726,5727,5728,5729,5730,5731,5732,5733,5734,5735,5737,5738,5739,5740,5741,5742,5743,5744,5745,5746,5747,5748,5749,5750,5751,5752,5753,5754,5755,5756,5757,5758,5759,5760,5761,5762,5763,5764,5765,5766,5767,5769,5770,5771,5772,5774,5779,5780,5781,5782,5783,5784,5786,5787,5789,5791,5794,5796,5797,5799,5800,5801,5802,5804,5805,5806,5807,5808,5809,5810,5811,5812,5813,5814,5815,5816,5817,5818,5819,5820,5821,5822,5823,5824,5825,5826,5827,5828,5829,5830,5831,5832,5834,5835,5836,5837,5838,5839,5840,5841,5842,5843,5844,5845,5847,5848,5849,5850,5852,5853,5854,5856,5857,5858,5859,5860,5861,5862,5863,5864,5865,5866,5867,5868,5869,5870,5871,5872,5873,5874,5875,5876,5877,5879,5881,5883,5884,5886,5887,5889,5893,5895,5902,5904,6015,6016,6017,6020,6021,6022,6024,6025,6026,6027,6029,6030,6031,6032,6033,6034,6035,6036,6037,6038,6039,6040,6041,6042,6043,6044,6045,6046,6047,6048,6049,6050,6051,6053,6054,6055,6056,6057,6058,6059,6060,6063,6065,6066,6068,6072,6251,6253,6257,6261,6263,6269,6272,6273,6275,6278,6279,6280,6281,6282,6283,6284,6286,6287,6288,6289,6290,6291,6292,6293,6294,6295,6296,6297,6299,6300,6301,6302,6304,6309,6312,6426,6427,6433,6434,6435,6436,6440,6441,6442,6443,6444,6446,6448,6450,6452,6453,6454,6455,6456,6457,6458,6460,6461,6462,6463,6464,6465,6466,6467,6468,6469,6470,6471,6472,6473,6474,6475,6476,6477,6478,6479,6481,6482,6483,6484,6485,6487,6493,6496,6499,6570,6572,6576,6582,6588,6590,6592,6594,6596,6598,6600,6602,6603,6604,6605,6606,6607,6608,6609,6610,6611,6612,6613,6614,6615,6616,6618,6620,6626,6628,6630,6634,6636,6642,6644,6665,6668,6669,6672,6673,6677,6679,6681,6683,6685,6686,6687,6688,6689,6690,6691,6693,6695,6697,6699,6701,6703,6704,6705,6706,6707,6708,6709,6710,6711,6712,6713,6714,6715,6716,6717,6718,6719,6721,6723,6724,6726,6727,6729,6733,6735,6741,6743,6745,6747,6751,6761,6764,6765,6766,6767,6768,6769,6771,6772,6773,6774,6776,6777,6778,6779,6780,6781,6782,6783,6784,6785,6786,6787,6788,6789,6790,6791,6792,6793,6794,6795,6796,6797,6798,6799,6800,6801,6802,6803,6804,6805,6806,6807,6808,6809,6810,6811,6812,6813,6814,6816,6817,6818,6821,6825,6829,6833,6860,6861,6864,6879,6881,6884,6885,6886,6888,6889,6890,6891,6892,6893,6894,6895,6896,6897,6898,6900,6901,6902,6903,6904,6905,6906,6907,6908,6909,6910,6911,6912,6913,6914,6915,6916,6917,6918,6919,6920,6921,6922,6923,6924,6926,6927,6929,6930,6931,6934,6938,7018,7021,7025,7026,7028,7029,7033,7035,7037,7038,7039,7040,7041,7042,7043,7044,7045,7046,7047,7048,7049,7050,7051,7052,7053,7054,7055,7056,7057,7058,7059,7060,7061,7062,7063,7064,7065,7066,7068,7069,7071,7072,7074,7077,7078,7080,7181,7184,7186,7188,7189,7190,7191,7192,7193,7194,7195,7196,7197,7198,7199,7200,7202,7203,7210,7235,7236,7238,7239,7243,7244,7245,7247,7249,7251,7252,7255,7256,7257,7259,7260,7261,7263,7264,7266,7267,7268,7269,7270,7271,7272,7273,7274,7275,7276,7277,7278,7279,7280,7281,7282,7283,7284,7285,7286,7287,7289,7292,7293,7294,7295,7618,7619,7620,7621,7625,7626,7627,7629,7630,7631,7632,7633,7634,7638,7639,7640,7641,7643,7645,7646,7647,7648,7649,7650,7651,7652,7653,7654,7655,7656,7657,7658,7659,7660,7661,7662,7663,7664,7665,7666,7667,7668,7669,7670,7671,7672,7673,7724,7725,7728,7743,7745,7747,7748,7749,7750,7751,7752,7753,7754,7755,7756,7757,7758,7759,7760,7761,7762,7763,7764,7765,7766,7767,7768,7769,7770,7771,7772,7773,7774,7775,7776,7777,7778,7779,7780,7781,7782,7783,7784,7785,7786,7787,7788,7789,7790,7791,7793,7794,7795,7799,7800,7801,7802,7806,7808,7809,7811,7812,7813,7814,7815,7816,7817,7818,7819,7821,7822,7823,7824,7825,7826,7827,7828,7829,7830,7831,7832,7833,7834,7835,7836,7837,7838,7839,7844,7845,7905,7907,7911,7915,7916,7917,7919,7920,7921,7923,7924,7926,7927,7928,7929,7930,7931,7932,7934,7935,7937,7938,7940,7941,7943,7944,7947,7948,7950,7951,7952,7955,7956,7959,7964,7967,8017,8021,8022,8025,8026,8027,8028,8029,8030,8031,8032,8033,8034,8035,8036,8037,8038,8039,8040,8041,8042,8043,8044,8045,8046,8047,8048,8049,8050,8051,8052,8053,8054,8055,8056,8057,8058,8059,8060,8061,8062,8063,8064,8065,8066,8067,8068,8069,8070,8071,8072,8074,8075,8076,8077,8078,8079,8080,8081,8082,8086,8369,8372,8373,8374,8376,8377,8378,8379,8381,8382,8383,8384,8385,8386,8387,8388,8389,8390,8391,8392,8393,8394,8395,8396,8397,8398,8399,8400,8402,8403,8411,8412,8420,8421,8456,8458,8460,8462,8466,8468,8470,8472,8474,8476,8478,8480,8482,8484,8486,8488,8489,8490,8491,8492,8493,8494,8495,8496,8497,8498,8499,8500,8501,8502,8503,8504,8506,8508,8510,8512,8514,8516,8518,8601,8602,8605,8613,8616,8619,8621,8623,8625,8627,8628,8629,8630,8631,8632,8633,8634,8635,8636,8637,8638,8639,8640,8641,8642,8643,8644,8645,8649,8651,8653,8655,8656,8658,8659,8661,8663,8665,8773,8775,8779,8780,8783,8784,8785,8786,8789,8791,8792,8795,8797,8798,8800,8801,8803,8804,8805,8806,8807,8808,8809,8810,8811,8812,8813,8814,8815,8816,8817,8818,8819,8820,8821,8822,8823,8824,8831,8832,8905,8907,8908,8910,8911,8913,8914,8917,8919,8920,8922,8923,8925,8926,8928,8929,8931,8932,8933,8934,8935,8936,8937,8938,8939,8940,8941,8942,8943,8944,8945,8946,8947,8948,8949,8950,8951,8952,8953,8954,8955,8956,9030,9033,9035,9038,9040,9041,9047,9048,9049,9050,9051,9053,9054,9055,9056,9057,9058,9059,9060,9061,9062,9063,9064,9065,9066,9067,9068,9069,9070,9071,9073,9074,9075,9076,9077,9078,9079,9080,9081,9082,9083,9084,9085,9088,9089,9092,9362,9366,9367,9372,9374,9375,9379,9380,9381,9382,9384,9386,9387,9388,9389,9390,9392,9393,9394,9395,9396,9398,9399,9400,9401,9402,9403,9404,9405,9406,9407,9408,9410,9411,9413,9420,9422,9423,9425,9427,9428,9429,9431,9432,9433,9434,9435,9436,9437,9438,9439,9440,9441,9442,9443,9444,9445,9446,9447,9448,9450,9451,9452,9453,9455,9456,9459,9460,9467,9468,9475,9476,9665,9666,9667,9672,9673,9674,9675,9676,9679,9680,9681,9682,9683,9684,9685,9686,9687,9688,9689,9690,9691,9692,9693,9694,9695,9696,9697,9698,9699,9700,9701,9702,9703,9704,9705,9706,9707,9708,9709,9710,9711,9712,9713,9714,9715,9716,9717,9719,9721,9722,9723,9724,9727,9729,9731,9733,9735,9736,9738 and 0 more},
	digits=[{1..9},{0..9},{1..9},{0..9}]
solve: Clue(name=D12,length=3,value: EYE-SPY+PUD,
	identities=[D12[0]=A12[0],D12[1]=A17[0]],referrers=[A12,A17],
	values={100,101,102,103,104,105,106,107,108,109,110,111,112,113,114,115,116,117,118,119,120,121,122,123,124,125,126,127,128,129,130,131,132,133,134,135,136,137,138,139,140,141,142,143,144,145,146,147,148,149,150,151,152,153,154,155,156,157,158,159,160,161,162,163,164,165,166,167,168,169,170,171,172,173,174,175,176,177,178,179,180,181,182,183,184,185,186,187,188,189,190,191,192,193,194,195,196,197,198,199,200,201,202,203,204,205,206,207,208,209,210,211,212,213,214,215,216,217,218,219,220,221,222,223,224,225,226,227,228,229,230,231,232,233,234,235,236,237,238,239,240,241,242,243,244,245,246,247,248,249,250,251,252,253,254,255,256,257,258,259,260,261,262,263,264,265,266,267,268,269,270,271,272,273,274,275,276,277,278,279,280,281,282,283,284,285,286,287,288,289,290,291,292,293,294,295,296,297,298,299,300,301,302,303,304,305,306,307,308,309,310,311,312,313,314,315,316,317,318,319,320,321,322,323,324,325,326,327,328,329,330,331,332,333,334,335,336,337,338,339,340,341,342,343,344,345,346,347,348,349,350,351,352,353,354,355,356,357,358,359,360,361,362,363,364,366,367,368,369,370,371,372,373,374,375,376,377,378,379,380,381,382,383,384,385,386,387,388,389,390,391,392,393,394,395,396,397,398,399,400,401,402,403,404,405,406,407,408,409,410,411,412,413,414,415,416,417,418,419,420,421,422,423,424,425,426,427,428,429,430,431,432,433,434,435,436,437,438,439,440,441,442,443,444,445,446,447,448,449,450,451,452,453,454,455,456,457,458,459,460,461,462,463,464,465,466,467,468,470,471,472,474,476,477,478,479,480,481,482,483,484,486,487,488,489,490,491,492,493,494,495,496,497,498,499,500,501,502,503,504,505,506,507,508,509,510,512,513,514,516,517,518,519,520,521,522,523,524,525,526,527,528,530,531,532,533,534,535,536,537,538,539,540,541,542,543,544,545,546,547,548,549,550,551,552,554,555,556,557,558,559,560,561,562,563,564,565,566,567,568,569,570,571,572,573,574,575,576,577,578,579,580,582,583,584,585,586,587,588,589,590,591,592,593,594,596,597,598,600,601,602,603,604,605,606,607,608,609,610,612,614,615,616,618,620,621,622,624,626,627,628,629,630,631,632,634,635,636,637,638,640,642,644,645,646,647,648,650,651,652,653,654,656,657,658,659,660,662,666,667,668,669,670,672,674,678,684,690,705,726 and 0 more},
	digits=[{1..7},{1..7},{0..9}]
solve: Clue(name=D13,length=3,value: ERR,
	identities=[D13[0]=A12[1],D13[1]=A17[1],D13[2]=A20[0]],referrers=[A12,A17,A20],
	values={100,108,112,128,144,147,150,175,180,192,196,200,225,243,245,252,256,288,294,320 and 10 more},
	digits=[{1..6},{0,1,2,4,5,6,7,8,9},{1..7}]
solve: Clue(name=D15,length=3,value: RAT+ES,
	identities=[D15[0]=A14[1],D15[1]=A18[2],D15[2]=A21[0]],referrers=[A14,A18,A21],
	values={100,101,102,103,104,106,107,108,109,110,111,112,113,114,116,117,118,120,121,122 and 186 more},
	digits=[{1..5},{0..9},{1..9}]
solve: Clue(name=D16,length=3,value: DREY-TU+P,
	identities=[D16[0]=A14[2],D16[2]=A21[1]],referrers=[A14,A21],
	values={100,101,105,107,108,109,110,111,113,115,116,118,120,121,124,125,126,127,129,130 and 467 more},
	digits=[{1..9},{0..9},{0..9}]
solve: Clue(name=D19,length=2,value: RAP,
	identities=[D19[0]=A18[1]],referrers=[A18],
	values={20,24,28,30,32,35,36,40,42,45,48,54,56,60,63,64,70,72,80,84 and 2 more},
	digits=[{2..9},{0,2,3,4,5,6,8}]
solve: Clue(name=A4,length=2,value: D(U+E),
	identities=[A4[0]=D4[0],A4[1]=D5[0]],referrers=[D4,D5],
	values={10,11,12,13,14,15,16,17,18,20,21,22,24,25,26,27,28,30,32,33 and 37 more},
	digits=[{1,2,3,5},{1..6}]
solve: Clue(name=A7,length=3,value: PEEPE-R+S+((E-Y+E)/S),
	identities=[A7[0]=D2[1],A7[1]=D3[1]],referrers=[D2,D3],
	values={103,104,105,106,107,109,110,111,119,120,121,122,123,124,125,211,212,213,214,215 and 56 more},
	digits=[{1,2,3,4,5,7,8},{0..7},{0..9}]
solve: Clue(name=A1,length=2,value: R(A+P),
	identities=[A1[0]=D1[0],A1[1]=D2[0]],referrers=[D1,D2],
	values={24,25,28,30,32,35,36,40,42,44,45,48,49,50,54,55,56,60,63,64 and 11 more},
	digits=[{2..9},{1..9}]
solve: Clue(name=A12,length=2,value: PUPPY,
	identities=[A12[0]=D12[0],A12[1]=D13[0]],referrers=[D12,D13],
	values={10,12,14,15,16,18,20,21,24,27,28,30,32,35,36,40,42,45,48,54 and 5 more},
	digits=[{1..7},{1..6}]
solve: Clue(name=A9,length=3,value: (ST-R+A-Y)ED,
	identities=[A9[0]=D1[2],A9[1]=D2[2],A9[2]=D10[0]],referrers=[D1,D2,D10],
	values={100,102,104,105,108,110,111,112,114,115,117,119,120,123,125,126,128,129,130,132 and 241 more},
	digits=[{1..9},{0..9},{1..9}]
solve: Clue(name=A14,length=3,value: SY(RU+P+S),
	identities=[A14[0]=D4[3],A14[1]=D15[0],A14[2]=D16[0]],referrers=[D4,D15,D16],
	values={120,132,135,144,150,156,162,165,168,180,189,192,195,210,216,231,234,240,243,252 and 160 more},
	digits=[{1..9},{1..5},{1..9}]
solve: Clue(name=A17,length=2,value: YE+S,
	identities=[A17[0]=D12[1],A17[1]=D13[1]],referrers=[D12,D13],
	values={14,17,18,19,20,21,22,23,25,26,27,28,29,30,31,32,33,34,35,37 and 34 more},
	digits=[{1..7},{0,1,2,4,5,6,7,8,9}]
solve: Clue(name=A18,length=3,value: S(USSE+D),
	identities=[A18[0]=D10[2],A18[1]=D19[0],A18[2]=D15[1]],referrers=[D10,D19,D15],
	values={106,108,110,112,114,122,123,126,128,129,132,134,135,136,138,141,146,147,152,153 and 257 more},
	digits=[{1..9},{2..9},{0..9}]
solve: Clue(name=D1,length=3,value: Y(E+(A+S)T-S),
	identities=[D1[0]=A1[0],D1[2]=A9[0]],referrers=[A1,A9],
	values={100,102,104,105,108,110,112,114,115,116,117,119,120,124,125,126,128,130,132,133 and 361 more},
	digits=[{2..9},{0..9},{1..9}]
solve: Clue(name=D2,length=3,value: SEES-(P+E+A+R)S,
	identities=[D2[0]=A1[1],D2[1]=A7[0],D2[2]=A9[1]],referrers=[A1,A7,A9],
	values={100,102,104,106,108,112,115,120,125,130,135,140,145,146,150,152,153,154,155,156 and 124 more},
	digits=[{1..9},{1,2,3,4,5,7,8},{0..9}]
solve: Clue(name=D4,length=4,value: YAYA+D+A+D-A+S,
	identities=[D4[0]=A4[0],D4[3]=A14[0]],referrers=[A4,A14],
	values={1028,1029,1031,1032,1033,1034,1035,1036,1037,1038,1039,1040,1041,1043,1044,1045,1047,1048,1229,1230 and 174 more},
	digits=[{1,2,3,5},{0,1,2,3,6,7,9},{0..9},{1..9}]
solve: Clue(name=A20,length=2,value: TE+(D/D)Y,
	identities=[A20[0]=D13[2],A20[1]=D10[3]],referrers=[D13,D10],
	values={10,11,12,13,14,15,16,17,18,19,20,21,22,23,24,25,26,27,28,29,30,31,32,33,34,35,36,37,38,39,41,42,43,44,46,47,49,50,51,52,53,55,57,58,59,60,61,62,65,67,68,69,71,76,77,78,79 and 0 more},
	digits=[{1..7},{0..9}]
solve: Clue(name=D3,length=2,value: PRY,
	identities=[D3[1]=A7[1]],referrers=[A7],
	values={20,24,28,30,32,35,36,40,42,45,48,54,56,60,63,64,70,72,80,84 and 2 more},
	digits=[{2..9},{0,2,3,4,5,6}]
solve: Clue(name=A21,length=2,value: (PEPP/E+R)E+D,
	identities=[A21[0]=D15[2],A21[1]=D16[2]],referrers=[D15,D16],
	values={17,20,21,22,23,24,25,26,27,28,29,30,31,32,33,34,35,36,37,38 and 60 more},
	digits=[{1..9},{0..9}]
solve: Clue(name=D5,length=3,value: PR+Y+EYE,
	identities=[D5[0]=A4[1],D5[1]=A8[0],D5[2]=A11[0]],referrers=[A4,A8,A11],
	values={100,101,102,103,104,106,107,109,110,111,112,113,116,118,120,122,124,125,127,128 and 174 more},
	digits=[{1..6},{2..9},{1..9}]
solve: Clue(name=D10,length=4,value: YESTE-R(D+A-Y)-S,
	identities=[D10[0]=A9[2],D10[2]=A18[0],D10[3]=A20[1]],referrers=[A9,A18,A20],
	values={1000,1002,1003,1004,1006,1007,1008,1010,1011,1012,1013,1014,1015,1016,1017,1018,1019,1020,1021,1022 and 3567 more},
	digits=[{1..9},{0..9},{1..9},{0..9}]
solve: Clue(name=A1,length=2,value: R(A+P),
	identities=[A1[0]=D1[0],A1[1]=D2[0]],referrers=[D1,D2],
	values={24,25,28,30,32,35,36,40,42,44,45,48,49,50,54,55,56,60,63,64 and 8 more},
	digits=[{2..9},{1..9}]
solve: Clue(name=A7,length=3,value: PEEPE-R+S+((E-Y+E)/S),
	identities=[A7[0]=D2[1],A7[1]=D3[1]],referrers=[D2,D3],
	values={103,104,105,106,107,109,119,120,121,122,123,124,125,211,212,213,214,215,216,217 and 41 more},
	digits=[{1,2,3,4,5,7,8},{0,2,3,4,5,6},{0..9}]
solve: Clue(name=A11,length=2,value: ASP,
	identities=[A11[0]=D5[2],A11[1]=D6[2]],referrers=[D5,D6],
	values={10,12,14,15,16,18,20,21,24,27,28,30,32,35,36,40,42,45,48,54 and 9 more},
	digits=[{1..9},{0,1,2,4,5,6,7,8}]
solve: Clue(name=D12,length=3,value: EYE-SPY+PUD,
	identities=[D12[0]=A12[0],D12[1]=A17[0]],referrers=[A12,A17],
	values={100,101,102,103,104,105,106,107,108,109,110,111,112,113,114,115,116,117,118,119,120,121,122,123,124,125,126,127,128,129,130,131,132,133,134,135,136,137,138,139,140,141,142,143,144,145,146,147,148,149,150,151,152,153,154,155,156,157,158,159,160,161,162,163,164,165,166,167,168,169,170,171,172,173,174,175,176,177,178,179,180,181,182,183,184,185,186,187,188,189,190,191,192,193,194,195,196,197,198,199,200,201,202,203,204,205,206,207,208,209,210,211,212,213,214,215,216,217,218,219,220,221,222,223,224,225,226,227,228,229,230,231,232,233,234,235,236,237,238,239,240,241,242,243,244,245,246,247,248,249,250,251,252,253,254,255,256,257,258,259,260,262,263,264,265,266,267,268,269,270,271,272,273,274,275,276,277,278,279,280,282,283,284,285,286,287,288,289,290,291,292,293,294,295,296,297,298,299,300,301,302,303,304,305,306,307,308,309,310,311,312,313,314,315,316,317,318,319,320,321,322,323,324,325,326,327,328,329,330,331,332,333,334,335,336,337,338,339,340,341,342,343,344,346,347,348,349,350,351,352,353,354,356,357,358,359,360,361,362,363,364,366,367,368,369,370,371,372,373,374,375,376,377,378,379,380,381,382,383,384,385,386,387,388,389,390,391,392,393,394,395,396,397,398,399,400,401,402,403,404,405,406,407,408,409,410,411,412,413,414,415,416,417,418,419,420,421,422,423,424,425,426,427,428,429,430,431,432,433,434,435,436,437,438,439,440,441,442,443,444,445,446,447,448,449,450,451,452,453,454,455,457,458,459,460,461,462,463,464,465,466,467,468,470,471,472,474,476,477,478,479,480,481,482,483,484,486,487,488,489,490,491,492,493,494,495,496,497,498,499,500,502,503,505,506,507,508,509,510,512,513,514,516,517,518,520,521,522,523,524,527,528,530,531,532,533,534,535,536,537,538,539,540,541,542,543,544,545,546,547,548,549,550,551,552,554,555,556,557,558,559,560,561,562,563,564,565,566,568,569,570,571,573,574,575,576,577,578,579,580,582,583,584,585,586,587,588,589,590,591,592,593,594,596,598,600,601,604,605,606,607,608,610,612,614,615,616,620,621,622,624,626,628,629,630,631,632,634,635,636,637,638,640,644,646,647,648,650,651,652,653,654,656,658,659,660,662,666,667,668,670,674,684 and 0 more},
	digits=[{1..6},{1..7},{0..9}]
solve: Clue(name=D16,length=3,value: DREY-TU+P,
	identities=[D16[0]=A14[2],D16[2]=A21[1]],referrers=[A14,A21],
	values={100,101,105,108,109,110,111,113,115,116,118,120,121,124,125,126,129,130,131,132 and 374 more},
	digits=[{1..9},{0..9},{0..9}]
solve: Clue(name=D15,length=3,value: RAT+ES,
	identities=[D15[0]=A14[1],D15[1]=A18[2],D15[2]=A21[0]],referrers=[A14,A18,A21],
	values={100,101,102,103,104,106,107,108,109,110,111,112,113,114,116,117,118,120,121,122 and 180 more},
	digits=[{1..5},{0..9},{1..9}]
solve: Clue(name=A9,length=3,value: (ST-R+A-Y)ED,
	identities=[A9[0]=D1[2],A9[1]=D2[2],A9[2]=D10[0]],referrers=[D1,D2,D10],
	values={100,102,104,105,108,110,111,112,114,115,117,119,120,123,125,126,128,129,130,132 and 217 more},
	digits=[{1..9},{0..9},{1..9}]
solve: Clue(name=A14,length=3,value: SY(RU+P+S),
	identities=[A14[0]=D4[3],A14[1]=D15[0],A14[2]=D16[0]],referrers=[D4,D15,D16],
	values={120,132,135,144,150,156,162,165,168,180,189,192,195,210,216,231,234,240,243,252 and 154 more},
	digits=[{1..9},{1..5},{1..9}]
solve: Clue(name=A17,length=2,value: YE+S,
	identities=[A17[0]=D12[1],A17[1]=D13[1]],referrers=[D12,D13],
	values={14,17,18,19,20,21,22,23,25,26,27,28,29,30,31,32,33,34,35,37 and 32 more},
	digits=[{1..7},{0,1,2,4,5,6,7,8,9}]
solve: Clue(name=D6,length=3,value: DAYS-(T+A)U,
	identities=[D6[1]=A8[1],D6[2]=A11[1]],referrers=[A8,A11],
	values={100,101,102,103,104,105,106,107,108,109,110,111,112,113,114,115,116,117,118,119,120,121,122,123,124,125,126,127,128,129,130,131,132,133,134,135,136,137,138,139,140,141,142,143,144,145,146,147,148,149,150,151,152,153,154,155,156,157,158,159,160,161,162,163,164,165,166,167,168,169,170,171,172,173,174,175,176,177,178,179,180,181,182,183,184,185,186,187,188,189,190,191,192,193,194,195,196,197,198,199,200,201,202,203,204,205,206,207,208,210,211,212,213,214,216,217,218,219,220,221,222,223,224,225,226,227,228,229,230,231,232,233,234,235,236,237,238,239,240,241,242,243,244,246,247,248,249,250,251,252,253,254,255,256,257,258,259,260,261,262,263,264,265,266,267,268,269,270,271,272,273,274,275,276,277,278,279,280,281,282,283,284,285,286,287,288,289,290,291,292,293,294,295,296,297,298,299,300,301,302,303,304,305,306,307,308,309,310,311,312,313,314,315,316,318,319,320,321,322,323,324,325,326,327,328,329,330,331,332,333,334,335,336,338,339,340,341,342,343,344,345,346,347,348,349,350,351,352,353,354,355,356,357,358,359,360,361,362,363,364,365,366,367,368,369,370,371,372,373,375,376,377,378,380,381,382,383,384,385,387,388,389,390,392,393,394,396,397,398,399,400,402,403,404,405,406,407,408,409,410,411,412,413,414,415,416,417,418,419,420,421,423,424,425,426,428,429,431,432,433,434,435,436,437,438,439,440,441,442,443,444,445,446,448,449,450,452,453,454,456,457,458,459,460,461,462,463,464,465,466,467,468,469,470,471,472,473,474,476,477,478,479,480,482,484,485,486,487,488,489,490,491,492,493,494,495,496,497,498,499,500,501,502,504,505,506,508,509,510,511,512,513,514,516,518,519,520,521,522,523,524,525,526,527,528,529,530,531,532,533,534,536,537,540,541,542,543,544,546,547,548,549,550,551,552,554,555,558,559,560,561,562,563,564,565,566,567,568,569,570,571,573,574,576,578,579,582,583,584,585,586,587,588,590,591,592,593,594,597,598,599,600,601,602,603,604,606,607,608,609,610,612,613,614,615,616,617,618,619,620,621,622,623,624,626,627,628,629,630,631,632,633,634,635,636,637,638,639,640,642,643,644,645,646,647,648,650,651,652,654,655,656,657,658,659,660,661,662,663,664,666,668,671,672,675,676,678,680,681,682,684,686,687,688,690,691,692,693,694,696,700,701,702,703,704,705,706,707,708,709,710,711,712,713,714,716,717,719,720,721,722,723,724,726,728,730,731,732,733,735,736,738,739,740,741,742,743,744,745,746,747,750,754,756,758,759,760,761,762,766,768,770,772,773,774,776,777,778,780,782,784,786,787,788,789,790,792,793,794,795,796,797,798,799,800,801,802,803,804,806,808,809,810,812,813,814,815,816,818,819,820,822,823,824,825,826,827,828,829,830,831,832,833,834,836,837,838,839,841,842,843,844,846,848,849,850,851,852,853,854,855,857,858,861,862,865,867,869,870,873,877,879,881,883,885,888,889,890,891,893,897,900,901,903,904,905,906,909,911,913,915,917,918,919,921,923,924,925,926,927,928,929,930,932,933,934,936,938,939,940,942,943,944,945,946,947,948,949,950,951,952,953,954,956,958,960,961,963,964,966,968,969,972,973,974,975,976,978,980,981,982,984,986,988,989,990,991,992,993,994,995,996,997,998,999 and 0 more},
	digits=[{1..9},{0,2,4,6,8},{0,1,2,4,5,6,7,8}]
solve: Clue(name=A12,length=2,value: PUPPY,
	identities=[A12[0]=D12[0],A12[1]=D13[0]],referrers=[D12,D13],
	values={10,12,14,15,16,18,20,21,24,27,28,30,32,35,36,40,42,45,48,54 and 5 more},
	digits=[{1..6},{1..6}]
Clue iterations=73, updates=51
PARTIAL SOLUTION-----------------------------
Puzzle Summary
A1, R(A+P), values={24,25,28,30,32,35,36,40,42,44,45,48,49,50,54,55,56,60,63,64 and 8 more}
A4, D(U+E), values={10,11,12,13,14,15,16,17,18,20,21,22,24,25,26,27,28,30,32,33 and 37 more}
A7, PEEPE-R+S+((E-Y+E)/S), values={103,104,105,106,107,109,119,120,121,122,123,124,125,211,212,213,214,215,216,217 and 41 more}
A8, PUPAS, values={24,30,36,40,42,48,54,56,60,64,70,72,80,84,90,96}
A9, (ST-R+A-Y)ED, values={100,102,104,105,108,110,111,112,114,115,117,119,120,123,125,126,128,129,130,132 and 217 more}
A11, ASP, values={10,12,14,15,16,18,20,21,24,27,28,30,32,35,36,40,42,45,48,54 and 9 more}
A12, PUPPY, values={10,12,14,15,16,18,20,21,24,27,28,30,32,35,36,40,42,45,48,54 and 5 more}
A14, SY(RU+P+S), values={120,132,135,144,150,156,162,165,168,180,189,192,195,210,216,231,234,240,243,252 and 154 more}
A17, YE+S, values={14,17,18,19,20,21,22,23,25,26,27,28,29,30,31,32,33,34,35,37 and 32 more}
A18, S(USSE+D), values={106,108,110,112,114,122,123,126,128,129,132,134,135,136,138,141,146,147,152,153 and 257 more}
A20, TE+(D/D)Y, values={10,11,12,13,14,15,16,17,18,19,20,21,22,23,24,25,26,27,28,29,30,31,32,33,34,35,36,37,38,39,41,42,43,44,46,47,49,50,51,52,53,55,57,58,59,60,61,62,65,67,68,69,71,76,77,78,79 and 0 more}
A21, (PEPP/E+R)E+D, values={17,20,21,22,23,24,25,26,27,28,29,30,31,32,33,34,35,36,37,38 and 60 more}
D1, Y(E+(A+S)T-S), values={100,102,104,105,108,110,112,114,115,116,117,119,120,124,125,126,128,130,132,133 and 361 more}
D2, SEES-(P+E+A+R)S, values={100,102,104,106,108,112,115,120,125,130,135,140,145,146,150,152,153,154,155,156 and 124 more}
D3, PRY, values={20,24,28,30,32,35,36,40,42,45,48,54,56,60,63,64,70,72,80,84 and 2 more}
D4, YAYA+D+A+D-A+S, values={1028,1029,1031,1032,1033,1034,1035,1036,1037,1038,1039,1040,1041,1043,1044,1045,1047,1048,1229,1230 and 174 more}
D5, PR+Y+EYE, values={100,101,102,103,104,106,107,109,110,111,112,113,116,118,120,122,124,125,127,128 and 174 more}
D6, DAYS-(T+A)U, values={100,101,102,103,104,105,106,107,108,109,110,111,112,113,114,115,116,117,118,119,120,121,122,123,124,125,126,127,128,129,130,131,132,133,134,135,136,137,138,139,140,141,142,143,144,145,146,147,148,149,150,151,152,153,154,155,156,157,158,159,160,161,162,163,164,165,166,167,168,169,170,171,172,173,174,175,176,177,178,179,180,181,182,183,184,185,186,187,188,189,190,191,192,193,194,195,196,197,198,199,200,201,202,203,204,205,206,207,208,210,211,212,213,214,216,217,218,219,220,221,222,223,224,225,226,227,228,229,230,231,232,233,234,235,236,237,238,239,240,241,242,243,244,246,247,248,249,250,251,252,253,254,255,256,257,258,259,260,261,262,263,264,265,266,267,268,269,270,271,272,273,274,275,276,277,278,279,280,281,282,283,284,285,286,287,288,289,290,291,292,293,294,295,296,297,298,299,300,301,302,303,304,305,306,307,308,309,310,311,312,313,314,315,316,318,319,320,321,322,323,324,325,326,327,328,329,330,331,332,333,334,335,336,338,339,340,341,342,343,344,345,346,347,348,349,350,351,352,353,354,355,356,357,358,359,360,361,362,363,364,365,366,367,368,369,370,371,372,373,375,376,377,378,380,381,382,383,384,385,387,388,389,390,392,393,394,396,397,398,399,400,402,403,404,405,406,407,408,409,410,411,412,413,414,415,416,417,418,419,420,421,423,424,425,426,428,429,431,432,433,434,435,436,437,438,439,440,441,442,443,444,445,446,448,449,450,452,453,454,456,457,458,459,460,461,462,463,464,465,466,467,468,469,470,471,472,473,474,476,477,478,479,480,482,484,485,486,487,488,489,490,491,492,493,494,495,496,497,498,499,500,501,502,504,505,506,508,509,510,511,512,513,514,516,518,519,520,521,522,523,524,525,526,527,528,529,530,531,532,533,534,536,537,540,541,542,543,544,546,547,548,549,550,551,552,554,555,558,559,560,561,562,563,564,565,566,567,568,569,570,571,573,574,576,578,579,582,583,584,585,586,587,588,590,591,592,593,594,597,598,599,600,601,602,603,604,606,607,608,609,610,612,613,614,615,616,617,618,619,620,621,622,623,624,626,627,628,629,630,631,632,633,634,635,636,637,638,639,640,642,643,644,645,646,647,648,650,651,652,654,655,656,657,658,659,660,661,662,663,664,666,668,671,672,675,676,678,680,681,682,684,686,687,688,690,691,692,693,694,696,700,701,702,703,704,705,706,707,708,709,710,711,712,713,714,716,717,719,720,721,722,723,724,726,728,730,731,732,733,735,736,738,739,740,741,742,743,744,745,746,747,750,754,756,758,759,760,761,762,766,768,770,772,773,774,776,777,778,780,782,784,786,787,788,789,790,792,793,794,795,796,797,798,799,800,801,802,803,804,806,808,809,810,812,813,814,815,816,818,819,820,822,823,824,825,826,827,828,829,830,831,832,833,834,836,837,838,839,841,842,843,844,846,848,849,850,851,852,853,854,855,857,858,861,862,865,867,869,870,873,877,879,881,883,885,888,889,890,891,893,897,900,901,903,904,905,906,909,911,913,915,917,918,919,921,923,924,925,926,927,928,929,930,932,933,934,936,938,939,940,942,943,944,945,946,947,948,949,950,951,952,953,954,956,958,960,961,963,964,966,968,969,972,973,974,975,976,978,980,981,982,984,986,988,989,990,991,992,993,994,995,996,997,998,999 and 0 more}
D10, YESTE-R(D+A-Y)-S, values={1000,1002,1003,1004,1006,1007,1008,1010,1011,1012,1013,1014,1015,1016,1017,1018,1019,1020,1021,1022 and 3567 more}
D12, EYE-SPY+PUD, values={100,101,102,103,104,105,106,107,108,109,110,111,112,113,114,115,116,117,118,119,120,121,122,123,124,125,126,127,128,129,130,131,132,133,134,135,136,137,138,139,140,141,142,143,144,145,146,147,148,149,150,151,152,153,154,155,156,157,158,159,160,161,162,163,164,165,166,167,168,169,170,171,172,173,174,175,176,177,178,179,180,181,182,183,184,185,186,187,188,189,190,191,192,193,194,195,196,197,198,199,200,201,202,203,204,205,206,207,208,209,210,211,212,213,214,215,216,217,218,219,220,221,222,223,224,225,226,227,228,229,230,231,232,233,234,235,236,237,238,239,240,241,242,243,244,245,246,247,248,249,250,251,252,253,254,255,256,257,258,259,260,262,263,264,265,266,267,268,269,270,271,272,273,274,275,276,277,278,279,280,282,283,284,285,286,287,288,289,290,291,292,293,294,295,296,297,298,299,300,301,302,303,304,305,306,307,308,309,310,311,312,313,314,315,316,317,318,319,320,321,322,323,324,325,326,327,328,329,330,331,332,333,334,335,336,337,338,339,340,341,342,343,344,346,347,348,349,350,351,352,353,354,356,357,358,359,360,361,362,363,364,366,367,368,369,370,371,372,373,374,375,376,377,378,379,380,381,382,383,384,385,386,387,388,389,390,391,392,393,394,395,396,397,398,399,400,401,402,403,404,405,406,407,408,409,410,411,412,413,414,415,416,417,418,419,420,421,422,423,424,425,426,427,428,429,430,431,432,433,434,435,436,437,438,439,440,441,442,443,444,445,446,447,448,449,450,451,452,453,454,455,457,458,459,460,461,462,463,464,465,466,467,468,470,471,472,474,476,477,478,479,480,481,482,483,484,486,487,488,489,490,491,492,493,494,495,496,497,498,499,500,502,503,505,506,507,508,509,510,512,513,514,516,517,518,520,521,522,523,524,527,528,530,531,532,533,534,535,536,537,538,539,540,541,542,543,544,545,546,547,548,549,550,551,552,554,555,556,557,558,559,560,561,562,563,564,565,566,568,569,570,571,573,574,575,576,577,578,579,580,582,583,584,585,586,587,588,589,590,591,592,593,594,596,598,600,601,604,605,606,607,608,610,612,614,615,616,620,621,622,624,626,628,629,630,631,632,634,635,636,637,638,640,644,646,647,648,650,651,652,653,654,656,658,659,660,662,666,667,668,670,674,684 and 0 more}
D13, ERR, values={100,108,112,128,144,147,150,175,180,192,196,200,225,243,245,252,256,288,294,320 and 10 more}
D15, RAT+ES, values={100,101,102,103,104,106,107,108,109,110,111,112,113,114,116,117,118,120,121,122 and 180 more}
D16, DREY-TU+P, values={100,101,105,108,109,110,111,113,115,116,118,120,121,124,125,126,129,130,131,132 and 374 more}
D19, RAP, values={20,24,28,30,32,35,36,40,42,45,48,54,56,60,63,64,70,72,80,84 and 2 more}
Variables:
A={4, 5, 6, 7, 8, 9}
D={1, 2, 3, 4, 5, 6, 7, 8, 9}
E={3, 4, 5, 6, 7, 8, 9}
P={1, 2}
R={4, 5, 6, 7, 8, 9}
S={2, 3, 4, 5, 6}
T={1, 2, 3, 4, 5, 6, 7, 8, 9}
U={1, 2, 3, 4, 5, 6, 7, 8, 9}
Y={4, 5, 6, 7, 8, 9}
RemainingValues: [1, 2, 3, 4, 5, 6, 7, 8, 9]
ITERATE SOLUTIONS-----------------------------
Solution
A1=63
A4=21
A7=123
A8=64
A9=465
A11=32
A12=12
A14=456
A17=34
A18=652
A20=51
A21=43
D1=654
D2=316
D3=42
D4=2314
D5=163
D6=542
D10=5361
D12=132
D13=245
D15=524
D16=613
D19=56

+-+-+-+-+-+-+
|6 3|4|2 1|5|
+           +
|5|1 2 3|6 4|
+    -      +
|4 6 5|1|3 2|
+- -     - -+
|1 2|3|4 5 6|
+      -    +
|3 4|6 5 2|1|
+           +
|2|5 1|6|4 3|
+-+-+-+-+-+-+
Solution count=1
Exited
